111111111111111111111111111111111111111111111111111111111111
111111111111111111111111111111111111111111111111111111111111
111111111111111111111111111111111111111111111111111111111111
111111111111111111111111111111111111111111111111111111111111
111111110111111111111111111111111111111111111111111111111111
111110000000111111110111111111111101111111111111111111111111
111100000000011110000000111111000000000111111111101111111111
111100000000000000000000011100000000000001111100000001111111
111000000000000000000000000000000000000000000000000000111111
111100000000000000000000000000000000000000000000000000011111
111100000000000000000000000000000000000000000000000000011111
111110000000000000000000000000000000000000000000000000001111
111111110000000000000000000000000000000111100000000000011111
111111111110000100000000010000011101111111100000000000011111
111111111110001110000000111000111111111111100000000000111111
111111111110001111110111111000111111111111100000000001111111
111111111110001111111111111000111111111111100001101111111111
111111111100000111111111110000011111111111100011111111111111
111111110000000001111111100000001111111111100011111111111111
111111100000000000111111000000000111111111000001111111111111
111111000000000000011110000000000011111100000000011111111111
111111000000000000000000000000000001110000000000000111111111
111110000000000000000000000000000000000000000000000011111111
111111000000000000000000000000000000000000000000000011111111
111111000000000000000000000000000000000000000000000001111111
111111000000000000100000000000000000000000000000000011111111
111111000000000001110000000000000000000000000000000011111111
111111000011011111110000000000000000000000000000000011111111
111111000111111111110000100000001000001100000000000011111111
111111000111111111110001111101111100011111110111000011111111
111111000111111111110001111111111100011111111111100011111111
111110000011111111110001111111111100011111111111100011111111
111100000001111111100000111111111100011111111111000001111111
111000000000111110000000001111111000001111111100000000011111
111000000000011100000000000111110000000111111000000000001111
111000000000000000000000000011100000000011110000000000000111
110000000000000000000000000000000000000001110000000000000111
111000000000000000000000000000000000000000000000000000000011
111000000000000000000000000000000000000000000000000000000111
111000000000000000000000000000000000000000000000000000000111
111100000001000000000000000110000000000000000000000000001111
111110000011100000000000001111000000000000111100000000011111
111111101111100001111011111111000000000001111110000111111111
111111111111100011111111111111000000000011111110001111111111
111111111111100011111111111110000000000111111110001111111111
111111111111000001111111111100000000001111111110001111111111
111111111110000000111111110000000000011111111100000111111111
111111111100000000011111100000000000001111111000000011111111
111111111000000000001111000000000000000111110000000001111111
111111111000000000000000000000000000000000000000000000111111
111111110000000000000000000000000000000000000000000000111111
111111111000000000000000000000000000000000000000000000011111
111111111000000000001111000000000000000111000000000000111111
111111111100000000011111100000000000001111100000000000111111
111111111110000000111111110000000000011111110000000001111111
111111111111110111111111111100000001111111111000000011111111
111111111111111111111111111111101111111111111111011111111111
111111111111111111111111111111111111111111111111111111111111
111111111111111111111111111111111111111111111111111111111111
111111111111111111111111111111111111111111111111111111111111
